23585
11976
25634
23479
20725
5503
22924
20565
31884
8766
32705
17746
4953
15003
24167
15103
20176
22235
13453
3098
31702
25745
13801
22284
23176
9457
30480
27187
5295
20845
14255
28881
53
7121
19592
20778
12625
9748
8576
11741
18515
8513
29487
23468
23516
20886
5803
10924
10354
19256
14022
9288
12234
27823
31572
2642
4513
29284
29829
9808
17361
11316
5921
17415
18437
25513
5425
31062
2494
14001
10035
21009
22514
6754
11709
13262
27641
17512
24186
5227
4000
5441
14515
16234
496
13319
18876
5009
9835
15937
14818
27196
27253
20739
11843
12923
13485
17269
11217
15979
